monster_training/positive/capture_20250714_193001_946582.png 4 194 336 50 63 47 339 51 57 398 342 37 41 626 339 43 56
monster_training/positive/capture_20250714_193006_083269.png 5 163 331 42 59 70 327 45 62 313 329 36 60 366 328 33 59 399 329 32 57
monster_training/positive/capture_20250714_193008_151995.png 4 232 335 49 59 79 336 46 59 2 335 44 59 471 340 36 48
monster_training/positive/capture_20250714_193012_288813.png 4 362 341 36 37 466 338 42 59 519 337 21 56 577 341 33 55
monster_training/positive/capture_20250714_193014_356933.png 4 420 361 51 55 474 360 33 57 511 360 32 61 583 360 40 62
monster_training/positive/capture_20250714_193016_426333.png 1 538 406 39 56
monster_training/positive/capture_20250714_193018_494584.png 3 523 451 35 57 498 452 26 55 461 454 37 55
monster_training/positive/capture_20250714_193024_699953.png 3 521 304 46 56 730 244 46 56 146 125 39 53
monster_training/positive/capture_20250714_193026_768510.png 4 241 339 42 56 467 279 39 57 600 221 48 55 161 98 51 61
monster_training/positive/capture_20250714_193028_837116.png 6 285 311 44 51 496 462 32 55 558 460 24 53 529 460 28 58 642 464 43 51 735 222 47 54
monster_training/positive/capture_20250714_193030_905230.png 5 346 162 43 54 378 145 31 54 519 120 36 53 636 123 47 46 749 359 47 60
monster_training/positive/capture_20250714_193032_973329.png 6 597 336 53 49 293 335 39 51 338 333 42 53 415 96 32 49 543 93 43 52 651 92 40 53
monster_training/positive/capture_20250714_193035_040703.png 6 513 339 45 46 223 332 49 60 276 335 37 51 453 87 39 61 562 94 30 53 527 93 37 56
monster_training/positive/capture_20250714_193037_110798.png 3 300 76 40 60 249 321 35 49 125 320 43 53
monster_training/positive/capture_20250714_193039_177698.png 5 423 361 38 43 603 360 45 56 343 360 41 51 309 359 37 55 272 362 37 50
monster_training/positive/capture_20250714_193047_452140.png 2 202 348 45 55 292 344 52 58
monster_training/positive/capture_20250714_193049_521565.png 2 470 348 47 54 327 347 39 57
monster_training/positive/capture_20250714_193051_606289.png 3 560 352 51 48 331 348 44 56 722 350 47 53
monster_training/positive/capture_20250714_193053_674168.png 6 602 344 38 57 644 340 39 62 380 347 47 56 313 340 50 66 239 348 36 54 196 350 46 51
monster_training/positive/capture_20250714_193057_809478.png 2 556 221 45 55 19 273 36 61
monster_training/positive/capture_20250714_193059_879283.png 3 473 273 36 50 50 333 42 54 12 331 41 58
monster_training/positive/capture_20250714_193101_947633.png 4 442 333 33 51 152 331 40 56 318 89 57 59 131 97 47 53
monster_training/positive/capture_20250714_193104_015837.png 7 593 333 41 54 536 334 46 55 202 332 52 54 274 334 44 51 513 95 37 54 174 100 40 64 85 159 49 49
monster_training/positive/capture_20250714_193106_084457.png 4 223 328 42 59 505 95 42 52 5 170 43 55 337 101 45 49
monster_training/positive/capture_20250714_193108_152013.png 0
monster_training/positive/capture_20250714_193110_222467.png 3 294 419 46 54 163 423 41 44 684 365 44 50
monster_training/positive/capture_20250714_193112_291226.png 0
monster_training/positive/capture_20250714_193120_564633.png 6 426 388 47 57 516 86 44 64 699 89 45 60 299 86 43 59 242 84 43 58 131 448 52 56
monster_training/positive/capture_20250714_193124_700062.png 2 218 351 43 57 774 351 31 58
monster_training/positive/capture_20250714_193128_837732.png 2 28 366 46 49 318 358 48 61
monster_training/positive/capture_20250714_193130_906062.png 2 446 363 40 51 742 241 48 54
monster_training/positive/capture_20250714_193137_128575.png 2 561 263 38 62 466 273 46 45
monster_training/positive/capture_20250714_193141_264420.png 1 23 158 41 46
monster_training/positive/capture_20250714_193143_335266.png 0
monster_training/positive/capture_20250714_193147_470587.png 3 757 406 40 62 608 412 45 43 452 411 49 51
monster_training/positive/capture_20250715_180844_756379.png 2 637 40 53 54 762 455 36 58
monster_training/positive/capture_20250715_180846_818021.png 2 755 451 45 63 494 43 43 49
monster_training/positive/capture_20250715_180848_886462.png 2 495 117 51 54 1 176 52 55
monster_training/positive/capture_20250715_180850_958981.png 0
monster_training/positive/capture_20250715_180853_023728.png 2 490 278 38 52 88 340 44 51
monster_training/positive/capture_20250715_180855_098151.png 1 10 337 45 55
monster_training/positive/capture_20250715_180857_160781.png 2 191 172 60 56 9 176 32 52
monster_training/positive/capture_20250715_180859_226256.png 1 289 352 56 52
monster_training/positive/capture_20250715_180901_295667.png 2 321 349 48 54 530 346 50 53
monster_training/positive/capture_20250715_180903_365666.png 1 479 350 50 43
monster_training/positive/capture_20250715_180905_433287.png 1 515 353 41 45
monster_training/positive/capture_20250715_180907_502886.png 2 400 349 41 42 475 350 43 40
monster_training/positive/capture_20250715_180909_570811.png 0
monster_training/positive/capture_20250715_180926_116721.png 5 484 47 52 56 681 48 53 49 308 166 52 52 95 168 52 50 5 463 48 61
monster_training/positive/capture_20250715_180928_186594.png 5 408 285 46 58 218 360 35 53 148 360 30 50 67 367 43 44 754 239 48 51
monster_training/positive/capture_20250715_180930_254447.png 4 507 284 52 52 580 282 47 56 159 406 46 44 67 402 37 50
monster_training/positive/capture_20250715_180932_324184.png 3 56 406 48 55 597 287 47 54 649 279 51 60
monster_training/positive/capture_20250715_180934_391627.png 4 676 286 40 55 737 283 50 64 39 405 38 57 178 414 35 51
monster_training/positive/capture_20250715_180936_460278.png 4 154 405 43 60 101 407 41 59 477 289 42 59 570 290 43 53
monster_training/positive/capture_20250715_180938_528614.png 4 551 245 50 56 489 245 48 62 446 277 38 49 406 305 37 54
monster_training/positive/capture_20250715_180940_620502.png 3 150 328 44 59 291 331 43 53 639 276 42 54
monster_training/positive/capture_20250715_180942_698928.png 3 637 291 56 61 443 351 42 68 325 359 42 49
monster_training/positive/capture_20250715_180944_766823.png 3 391 357 33 51 670 295 28 59 88 362 46 47
monster_training/positive/capture_20250715_180946_834520.png 3 58 355 47 55 691 274 44 53 749 233 47 57
monster_training/positive/capture_20250715_180953_040770.png 3 751 241 46 60 469 243 51 59 554 237 35 67
monster_training/positive/capture_20250715_181007_537185.png 2 445 359 36 54 291 357 50 52
monster_training/positive/capture_20250715_181009_605049.png 3 272 359 43 55 234 360 40 54 204 359 44 55
monster_training/positive/capture_20250715_181013_741266.png 1 488 346 37 65
monster_training/positive/capture_20250715_181019_947685.png 4 267 336 34 53 185 513 51 45 44 509 44 47 9 519 35 37
monster_training/positive/capture_20250715_181022_016300.png 1 24 516 31 47
monster_training/positive/capture_20250715_181026_152216.png 3 181 434 37 57 226 429 43 60 472 436 49 54
monster_training/positive/capture_20250715_181028_220979.png 4 311 379 50 55 713 198 45 54 169 381 40 37 133 384 41 54
monster_training/positive/capture_20250715_181030_287692.png 3 602 493 46 52 647 462 48 51 210 345 35 50
monster_training/positive/capture_20250715_181032_357749.png 2 236 333 56 53 678 450 50 57
monster_training/positive/capture_20250715_181034_426612.png 2 586 460 53 57 304 332 48 59
monster_training/positive/capture_20250715_181059_246904.png 4 731 283 31 57 765 281 32 65 683 283 24 60 601 289 36 38
monster_training/positive/capture_20250715_181101_315249.png 5 444 405 51 60 403 405 39 56 367 408 37 51 331 403 40 59 268 407 41 53
monster_training/positive/capture_20250715_181103_383953.png 5 565 388 43 56 523 385 40 54 468 389 43 52 387 388 49 55 305 386 49 55
monster_training/positive/capture_20250715_181105_453162.png 3 247 403 61 58 103 404 53 58 481 400 42 61
monster_training/positive/capture_20250715_181107_521885.png 6 260 508 57 50 403 504 56 54 507 504 48 52 559 505 55 52 734 149 50 50 9 508 41 49
monster_training/positive/capture_20250715_181844_564143.png 2 725 214 43 53 773 212 32 53
monster_training/positive/capture_20250715_181846_630059.png 3 625 215 38 55 665 210 48 62 723 211 54 58
monster_training/positive/capture_20250715_181848_699000.png 1 669 335 48 54
monster_training/positive/capture_20250715_181852_833778.png 4 292 80 50 51 182 79 53 50 642 439 44 54 712 435 37 51
monster_training/positive/capture_20250715_181854_902267.png 3 638 440 42 52 687 441 43 55 749 442 36 47
monster_training/positive/capture_20250715_181856_971078.png 2 556 467 43 55 691 465 48 55
monster_training/positive/capture_20250715_181859_047874.png 4 597 179 45 51 478 183 42 49 319 178 49 53 204 179 47 55
monster_training/positive/capture_20250715_181901_124280.png 3 354 273 40 57 529 264 45 62 616 268 42 64
monster_training/positive/capture_20250715_181903_192768.png 4 544 286 43 52 506 281 34 53 314 282 51 53 170 284 48 55
monster_training/positive/capture_20250715_181905_263708.png 5 470 354 46 53 732 244 44 51 771 235 32 56 179 348 48 58 125 354 58 53
monster_training/positive/capture_20250715_181907_262108.png 5 449 358 48 52 719 262 38 52 300 360 44 50 181 356 34 59 139 357 45 54
monster_training/positive/capture_20250715_181909_330931.png 6 332 379 51 60 637 261 37 60 205 383 49 49 86 382 38 50 56 377 34 55 5 383 47 57
monster_training/positive/capture_20250715_181913_467682.png 5 478 133 48 50 680 130 45 55 751 133 50 53 183 250 40 63 47 246 48 59
monster_training/positive/capture_20250715_181915_536583.png 2 420 387 49 58 42 445 45 60
monster_training/positive/capture_20250715_181917_607116.png 2 422 335 42 54 36 399 57 52
monster_training/positive/capture_20250715_181919_675645.png 2 418 221 46 56 36 280 53 56
monster_training/positive/capture_20250715_181921_742687.png 6 362 479 41 62 404 473 46 65 449 474 52 67 669 476 52 67 752 476 47 66 414 61 51 59
monster_training/positive/capture_20250715_181923_811013.png 6 454 442 45 53 399 437 46 62 366 443 41 58 676 446 32 53 765 447 31 53 419 28 41 55
monster_training/positive/capture_20250715_181925_878326.png 2 418 134 47 60 42 194 46 60
monster_training/positive/capture_20250715_181927_947709.png 2 416 302 52 52 42 363 45 54
monster_training/positive/capture_20250715_181930_015502.png 1 418 465 54 57
monster_training/positive/capture_20250715_181932_084156.png 4 674 47 50 53 468 48 52 59 179 168 54 52 47 167 55 51
monster_training/positive/capture_20250715_181934_152419.png 5 485 231 34 60 675 231 40 60 753 227 44 59 177 353 50 47 48 352 47 52
monster_training/positive/capture_20250715_181936_222484.png 6 218 342 47 51 345 337 57 60 657 218 39 56 103 342 37 50 16 336 46 59 73 340 38 55
monster_training/positive/capture_20250715_181938_290865.png 5 464 337 46 55 672 334 49 57 550 335 36 48 522 332 35 61 154 335 47 50
monster_training/positive/capture_20250715_181940_359425.png 2 434 273 52 58 743 273 51 51
monster_training/positive/capture_20250715_181942_424611.png 2 506 158 51 59 5 340 52 54
monster_training/positive/capture_20250715_181944_510203.png 2 673 388 48 56 732 388 48 51
monster_training/positive/capture_20250715_181946_596167.png 4 502 372 49 53 348 374 53 55 186 369 47 57 9 373 61 49
monster_training/positive/capture_20250715_181948_664176.png 5 321 370 48 57 521 373 50 59 205 368 54 60 35 372 52 57 1 374 34 55
monster_training/positive/capture_20250715_181950_731493.png 3 350 470 49 51 246 470 49 51 149 467 49 57
monster_training/positive/capture_20250715_181952_801614.png 2 613 313 37 52 587 313 35 55
monster_training/positive/capture_20250715_181954_869952.png 2 103 161 49 53 0 158 35 55
monster_training/positive/capture_20250715_181956_939899.png 5 146 518 33 40 314 523 45 27 393 516 41 41 481 515 38 45 573 516 42 43
monster_training/positive/capture_20250715_181959_008245.png 4 736 436 45 53 338 496 54 56 167 496 44 51 113 494 42 55
monster_training/positive/capture_20250715_182001_077105.png 2 344 473 41 54 75 473 45 55
monster_training/positive/capture_20250715_182003_143872.png 3 638 405 40 49 686 398 39 57 417 417 39 38
monster_training/positive/capture_20250715_182005_211869.png 8 461 445 40 53 543 443 36 37 585 444 39 55 668 447 36 52 763 448 31 48 186 451 53 42 571 24 52 56 659 26 49 52
monster_training/positive/capture_20250715_182007_280654.png 6 132 147 45 55 293 506 44 49 366 508 64 45 529 509 39 28 635 509 33 48 659 504 34 61
monster_training/positive/capture_20250715_182009_349039.png 3 125 304 38 61 90 311 34 56 61 305 33 59
monster_training/positive/capture_20250715_182015_570061.png 7 387 186 45 56 457 134 51 60 627 126 42 58 672 127 41 56 204 249 45 51 162 246 46 56 120 241 43 62
monster_training/positive/positive_20250714_185320_648818.png 7 588 458 35 50 303 455 44 57 204 457 42 55 521 36 49 55 460 43 54 47 637 38 54 55 630 450 45 59
monster_training/positive/positive_20250714_185334_172857.png 4 656 139 45 57 763 138 35 56 350 144 50 47 4 204 48 47
monster_training/positive/positive_20250714_185350_923141.png 2 289 281 51 53 619 285 42 50
monster_training/positive/positive_20250714_185403_548141.png 1 22 362 42 55
monster_training/positive/positive_20250714_185412_856966.png 2 152 394 41 59 62 395 42 57
monster_training/positive/positive_20250714_185417_928682.png 3 408 345 43 48 652 287 48 50 70 404 48 52
monster_training/positive/positive_20250714_185424_416399.png 3 329 232 44 50 451 160 39 51 494 112 49 66
monster_training/positive/positive_20250714_185610_402525.png 3 127 334 35 55 90 334 37 56 167 91 51 65
monster_training/positive/positive_20250714_185612_773967.png 3 330 340 43 49 311 335 36 56 99 334 43 54
monster_training/positive/positive_20250714_185619_764957.png 4 592 337 37 53 384 97 47 50 278 331 45 58 732 335 43 55
monster_training/positive/positive_20250714_185626_609589.png 5 489 350 34 50 466 349 31 52 403 352 47 45 202 344 40 54 164 348 36 59
monster_training/positive/positive_20250714_185629_093402.png 2 570 350 48 53 204 348 41 50
monster_training/positive/positive_20250714_185644_134978.png 1 466 347 42 56
monster_training/positive/positive_20250714_185645_602708.png 2 479 343 42 56 352 348 45 45
monster_training/positive/positive_20250714_185651_900764.png 3 580 414 56 53 486 416 47 49 29 417 46 49
monster_training/positive/positive_20250714_185737_663642.png 4 462 397 44 60 518 397 31 54 645 395 47 62 720 397 48 61
monster_training/positive/positive_20250714_185740_938122.png 4 616 395 49 53 718 396 42 62 522 398 42 54 458 391 49 63
monster_training/positive/positive_20250714_185745_972269.png 4 464 402 47 53 548 398 36 56 586 401 37 57 622 398 39 55
